0
1
2
3
4
5
6
7
8
9
10
11
12
13
14
15
16
17
18
19
20
21
22
23
24
25
0
1
2
3
4
5
6
7
8
9
10
11
12
13
14
15
16
17
18
19
20
21
22
23
24
25
0
1
2
3
4
5
6
7
8
9
10
11
12
13
14
15
16
17
18
19
20
21
22
23
24
25
0
1
2
3
4
5
6
7
8
9
10
11
12
13
14
15
16
17
18
19
20
21
22
23
24
25
0
1
2
3
4
5
6
7
8
9
10
11
12
13
14
15
16
17
18
19
20
21
22
23
24
25
0
1
2
3
4
5
6
7
8
9
10
11
12
13
14
15
16
17
18
19
20
21
22
23
24
25
0
1
2
3
4
5
6
7
8
9
10
11
12
13
14
15
16
17
18
19
20
21
22
23
24
25
0
1
2
3
4
5
6
7
8
9
10
11
12
13
14
15
16
17
18
19
20
21
22
23
24
25
0
1
2
3
4
5
6
7
8
9
10
11
12
13
14
15
16
17
18
19
20
21
22
23
24
25
0
1
2
3
4
5
6
7
8
10
10
11
12
13
14
15
16
17
18
19
20
21
22
23
24
25
0
1
2
3
4
5
6
7
8
9
10
11
12
13
14
15
16
17
18
19
20
21
22
23
24
25
0
1
2
3
4
5
6
7
8
9
10
11
12
13
14
15
16
17
18
19
20
21
22
23
24
25
0
1
2
3
4
5
6
7
8
9
10
11
12
13
14
15
16
17
18
19
20
21
22
23
24
25
0
9
10
18
19
21
22
23
24
25
0
1
3
5
6
9
10
11
12
13
14
15
16
17
18
23
5
6
1
2
10
13
14
17
18
19
20
21
23
24
25
2
24
24
24
2
0
0
0
0
1
1
2
2
3
3
3
3
4
4
4
5
5
6
6
6
7
7
8
8
9
9
9
9
10
10
10
11
11
11
11
12
12
12
12
13
13
13
13
13
14
14
15
15
15
15
16
16
16
16
17
17
17
18
18
18
19
20
20
20
20
21
21
21
21
22
22
22
22
23
23
23
24
24
24
24
24
24
25
25
0
2
24
23
25
25
1
1
7
6
10
10
10
20
22
23
23
24
24
25
0
1
6
7
4
10
11
12
14
16
17
19
22
19
15
14
13
8
6
2
1
0
1
2
3
4
9
10
11
17
18
20
25
9
14
17
0
0
